0220:0341,
0244:0243,0243,0243,0243,
0247:0341,0333,0336,0332,0341,
0250:0331,0321,0334,0336,0331,0337,0335,0350,0350,0350,0335,0330,0334,0334,0334,0334,0334,0334,0334,0334,0334,0334,0334,0334,0334,0334,0334,0334,0336,0331,0362,0203,0337,0203,0335,0335,0335,0335,0335,0335,0335,0203,0335,0335,0335,0335,0335,0335,0335,0203,0336,0203,0364,0335,0335,0335,0335,0335,0335,0335,0335,0335,0336,0331,0337,0362,0203,0203,0203,0203,0334,0334,0334,0334,0334,0334,0334,0334,0336,0336,0203,0304,0334,0337,0337,0337,0203,0203,0334,0336,0336,0336,0203,0354,0335,0335,0330,0333,0333,0333,0333,0333,0333,0333,0362,0203,0335,0203,0203,0203,0335,0203,0364,0335,0335,0332,0336,0332,0337,0331,0331,0331,0331,0331,0331,0331,0331,0331,0331,0331,0331,0337,0337,0337,0342,0336,0336,0333,0337,0337,0350,0350,0350,0350,0335,0342,0334,0304,0336,0332,0336,0337,0337,0350,0350,0350,0350,0334,0342,
01220:0333,0200,0336,0332,0330,0220,0333,0331,0337,
01221:0333,0200,0336,0330,0332,0221,0335,0335,0331,0333,
01222:0333,0200,0336,0332,0330,0332,0222,0336,0333,0333,0333,0333,0331,0331,0337,0337,
01223:0333,0200,0336,0330,0332,0336,0333,0332,0223,0336,0333,0331,0333,0333,0331,0331,0333,0320,0331,0337,0337,0337,
01224:0333,0200,0336,0332,0337,0224,0333,0331,0336,0332,0337,
01225:0333,0200,0336,0330,0332,0336,0332,0336,0333,0337,0225,0333,0331,0320,0333,0331,0331,0331,0331,0331,0337,0337,0337,0337,
01226:0333,0200,0336,0330,0332,0226,0333,0331,0337,
01227:0333,0200,0336,0330,0332,0210,0227,0211,0331,0333,0337,
01230:0333,0200,0336,0330,0332,0230,0331,0304,0333,0337,
01231:0333,0200,0332,0336,0330,0333,0231,0333,0331,0337,
01232:0333,0200,0336,0332,0330,0332,0232,0333,0331,0333,0337,
01233:0333,0200,0336,0332,0337,0336,0332,0336,0336,0333,0330,0337,0337,0210,0210,0233,0211,0211,0313,0336,0336,0332,0332,0333,0331,0337,0337,0337,0333,
01234:0333,0200,0336,0234,0337,
01235:0333,0200,0336,0332,0336,0330,0332,0235,0333,0333,0333,0336,0336,0331,0331,0331,0331,0337,0337,0337,0337,
01236:0333,0200,0336,0330,0330,0332,0336,0331,0337,0236,0333,0331,0331,0336,0330,0337,0337,
01237:0333,0200,0336,0330,0332,0237,0333,0331,0337,
01240:0333,0200,0336,0336,0332,0332,0240,0333,0333,0337,0337,
01241:0333,0200,0336,0332,0241,0333,0337,
01242:0333,0200,0336,0332,0332,0336,0330,0330,0242,0336,0331,0331,0331,0331,0332,0337,0337,0337,
01243:0333,0200,0336,0332,0332,0243,0337,
01244:0333,0200,0332,0336,0330,0336,0336,0243,0243,0243,0243,0331,0331,0331,0331,0337,0337,0337,
01245:0333,0200,0336,0332,0336,0331,0337,0245,0333,0336,0330,0337,0337,
01246:0333,0200,0330,0332,0336,0331,0336,0332,0337,0246,0333,0333,0336,0333,0331,0331,0337,0337,
01247:0333,0200,0336,0330,0332,0337,0247,0336,0333,0331,0337,
