01300:0333,0200,0336,0330,0332,0340,0350,0335,0336,0330,0342,0331,0331,0331,0342,0330,0330,0335,0335,0331,0331,0342,0330,0330,0330,0342,0331,0334,0334,0334,0351,0331,0331,0333,0333,0337,0337
01301:0333,
01302:0333,
01303:0333,
01304:0333,0200,0336,0330,0332,0341,0342,0335,0342,0335,0342,0335,0342,0350,0335,0351,0336,0336,0330,0330,0341,0331,0331,0335,0330,0330,0341,0331,0331,0335,0330,0330,0341,0331,0331,0335,0330,0330,0341,0331,0331,0350,0334,0351,0337,0337,0330,0335,0335,0333,0337
01305:0333,0200,0336,0330,0332,0305,0342,0335,0342,0335,0342,0335,0342,0335,0342,0335,0341,0350,0335,0351,0336,0330,0336,0336,0341,0337,0337,0331,0335,0330,0336,0336,0341,0337,0337,0331,0335,0330,0336,0336,0341,0337,0337,0331,0335,0330,0336,0336,0341,0337,0337,0331,0335,0330,0336,0336,0341,0337,0337,0331,0350,0335,0304,0337,0331,0333,0337
01306:0333,0200,0336,0330,0332,0306,0342,0335,0342,0335,0342,0335,0342,0335,0342,0335,0341,0350,0335,0351,0336,0330,0336,0336,0341,0337,0337,0331,0335,0330,0336,0336,0341,0337,0337,0331,0335,0330,0336,0336,0341,0337,0337,0331,0335,0330,0336,0336,0341,0337,0337,0331,0335,0330,0336,0336,0341,0337,0337,0331,0350,0335,0335,0335,0337,0342,0334,0336,0330,0336,0336,0341,0337,0337,0331,0304,0335,0337,0331,0333,0337
01307:0333,
01310:0333,0200,0336,0332,0350,0335,0310,0337,0342,0330,0334,0334,0342,0330,0334,0334,0342,0330,0334,0334,0342,0330,0334,0334,0334,0351,0336,0313,0333,0337
01311:0333,0200,0334,0305,0335,0311,0337,0362,0203,0334,0334,0203,0334,0350,0336,0334,0203,0354,0334,0334,0334,0334,0201,0335,0335,0335,0336,0201,0334,0334,0334,0336,0201,0331,0335,0335,0335,0337,0331,0334,0334,0334,0337,0331,0334,0304,0335,0313,
01312:0304,0313,0333,0200,0334,0306,0335,0362,0203,0334,0334,0203,0364,0335,0335,0335,0350,0335,0312,0336,0330,0334,0334,0342,0335,0335,0335,0335,0342,0335,0335,0335,0335,0342,0335,0335,0331,0335,0335,0337,0304,0313,
01313:0333,0200,0336,0336,0330,0332,0362,0203,0334,0203,0203,0334,0203,0334,0203,0203,0354,0334,0332,0342,0333,0333,0331,0337,0337,
01314:0333,0200,0314,0336,0332,0332,0330,0200,0333,0200,0333,0200,0331,0337,0313
01315:0333,0313,0200,0336,0330,0332,0341,0335,0342,0334,0334,0342,0334,0334,0330,0334,0331,0337
01316:0333,0200,0336,0336,0330,0332,0332,0332,0336,0341,0330,0330,0330,0330,0341,0333,0333,0331,0331,0341,0333,0333,0330,0330,0341,0331,0331,0331,0331,0341,0333,0333,0331,0331,0337,0337,0337,
01317:0333,0200,0336,0336,0330,0332,0336,0330,0333,0337,0342,0336,0330,0334,0337,0337,0342,0330,0336,0342,0330,0335,0336,0342,0331,0342,0332,0330,0337,0337,0333,0333,0331,0337
01317:0333,
01315:0333,
01320:0333,0200,0336,0336,0330,0332,0337,0320,0204,0336,0333,0331,0337,0337,
01321:0333,0200,0336,0336,0330,0332,0337,0321,0204,0336,0333,0320,0331,0337,0337,
01322:0333,0200,0336,0336,0330,0332,0337,0322,0204,0320,0336,0333,0331,0337,0337,
01323:0333,0200,0336,0336,0330,0332,0337,0323,0204,0320,0336,0333,0331,0337,0337,
01324:0333,0200,0336,0336,0330,0332,0337,0324,0204,0320,0336,0333,0331,0337,0337,
01325:0333,0200,0336,0336,0330,0332,0337,0325,0204,0320,0336,0333,0331,0337,0337,
01326:0333,0200,0336,0336,0330,0332,0337,0326,0204,0336,0320,0333,0331,0337,0337,
01327:0333,0200,0336,0336,0330,0332,0337,0327,0204,0336,0320,0333,0331,0337,0337,
01330:0333,0200,0336,0332,0330,0337,0212,0336,0331,0333,0337,
01331:0333,0200,0336,0332,0330,0337,0335,0335,0212,0335,0335,0336,0331,0333,0337,
01332:0333,0200,0336,0332,0330,0337,0335,0335,0335,0212,0335,0336,0331,0333,0337,
01333:0333,0200,0336,0332,0330,0337,0335,0212,0335,0335,0335,0336,0331,0333,0337,
01334:0333,0200,0336,0330,0332,0336,0350,0343,0334,0334,0343,0334,0334,0343,0334,0330,0350,0335,0351,0335,0330,0335,0335,0335,0335,0362,0203,0334,0334,0203,0364,0331,0350,0335,0330,0335,0335,0304,0337,0333,0331,0337,
01335:0333,0200,0336,0330,0332,0336,0335,0350,0335,0335,0343,0335,0335,0343,0335,0335,0343,0335,0330,0350,0335,0304,0350,0331,0362,0203,0334,0334,0203,0364,0331,0335,0335,0331,0334,0335,0330,0350,0334,0331,0334,0334,0304,0337,0333,0331,0337,
01336:0333,0200,0336,0330,0334,0336,0330,0337,0342,0336,0331,0335,0337,0331,0337,
01337:0333,0200,0336,0330,0332,0336,0342,0334,0342,0334,0342,0334,0342,0330,0330,0334,0337,0331,0337
01340:0333,0200,0336,0330,0332,0340,0333,0331,0337
01341:0333,0200,0336,0330,0332,0341,0340,0333,0331,0337
01342:0333,0200,0336,0330,0332,0334,0336,0342,0330,0340,0331,0335,0335,0342,0330,0340,0333,0333,0330,0334,0337,0337
01343:0333,0200,0336,0330,0332,0350,0343,0335,0342,0334,0334,0342,0335,0340,0351,0331,0333,0337
01344:0304,0313,0333,0200,0336,0332,0344,0333,0337
01345:0304,0313,0333,0200,0336,0332,0345,0333,0337
01346:0304,0313,0333,0200,0336,0332,0346,0333,0337
01347:0304,0313,0333,0200,0336,0332,0336,0330,0330,0347,0331,0331,0337,0333,0337,
01350:0333,0200,0336,0330,0332,0350,0335,0330,0335,0335,0335,0335,0362,0203,0334,0334,0203,0364,0331,0334,0336,0336,0201,0330,0201,0331,0331,0331,0334,0334,0304,0337,0337,0333,0331,0337,
01351:0333,0200,0336,0330,0332,0335,0350,0335,0330,0335,0335,0335,0335,0362,0203,0335,0335,0336,0336,0203,0364,0330,0201,0330,0201,0331,0331,0331,0331,0331,0335,0337,0337,0342,0336,0336,0334,0334,0304,0337,0337,0333,0331,0337,
01352:0333,0200,0336,0330,0332,0335,0350,0352,0334,0334,0334,0342,0335,0335,0336,0336,0342,0330,0330,0342,0331,0331,0335,0335,0342,0330,0330,0342,0331,0331,0335,0335,0337,0337,0342,0335,0335,0335,0351,0353,0330,0334,0334,0333,0337
01353:0333,0200,0336,0330,0332,0335,0350,0352,0334,0342,0335,0335,0342,0335,0335,0336,0336,0342,0330,0330,0342,0331,0331,0334,0334,0334,0334,0334,0334,0342,0330,0330,0342,0331,0331,0335,0335,0335,0351,0353,0337,0337,0333,0330,0334,0337
01354:0333,0200,0330,0332,0336,0336,0333,0331,0335,0337,0362,0203,0335,0203,0364,0340,0335,0335,0350,0336,0336,0335,0342,0334,0334,0342,0337,0337,0310,0337,0342,0335,0304,0336,0313,0336,0333,0331,0337,0337,
01360:0333,0200,
01361:0333,0200,0336,0336,0330,0332,0337,0200,0306,0350,0336,0334,0342,0330,0334,0334,0334,0334,0342,0330,0335,0335,0335,0335,0342,0330,0334,0334,0334,0334,0342,0330,0334,0334,0334,0334,0334,0335,0330,0330,0330,0304,0334,0331,0337,0337,
01362:0333,0200,0336,0330,0332,0336,0331,0332,0340,0337,0362,0203,0335,0203,0364,0334,0334,0336,0350,0335,0330,0304,0335,0335,0362,0203,0335,0203,0364,0331,0350,0335,0304,0335,0333,0330,0337,0337,0331,
01364:0333,0200,0330,0332,0336,0336,0333,0331,0337,0335,0362,0203,0335,0203,0364,0335,0335,0336,0350,0334,0330,0335,0335,0335,0335,0362,0203,0334,0334,0203,0364,0331,0340,0334,0304,0333,0331,0337,0337,
01363:0202,0200,0330,0332,0336,0336,0333,0331,0337,0335,0362,0203,0335,0203,0364,0335,0335,0336,0350,0334,0330,0335,0335,0335,0335,0362,0203,0334,0334,0203,0364,0331,0340,0334,0304,0333,0331,0337,0337,
01344:0333,0200,0336,0330,0332,0336,0332,0340,0335,0337,0342,0330,0340,0334,0332,0336,0331,0332,0331,0337,0337,0202,
01345:0202,0200,0350,0334,0343,0335,0304,
01346:0202,0200,0350,0334,0332,0335,0335,0343,0333,0335,0304,0334,
01365:0333,0200,0336,0330,0332,0336,0330,0336,0331,0337,0335,0335,0306,0210,0210,0350,0335,0337,0330,0335,0335,0335,0335,0330,0335,0335,0335,0335,0335,0335,0362,0203,0334,0334,0334,0334,0203,0335,0335,0335,0335,0203,0334,0334,0334,0334,0203,0364,0331,0334,0334,0330,0335,0211,0211,0304,0333,0331,0331,0336,0336,0330,0337,0330,0337,0337,
01366:0333,0200,0336,0336,0332,0332,0332,0330,0335,0337,0342,0340,0366,0330,0332,0335,0335,0367,0335,0336,0333,0330,0337,0337,0331,
01367:0333,0200,0336,0336,0332,0332,0332,0330,0335,0337,0366,0330,0332,0335,0335,0367,0335,0336,0340,0334,0337,0342,0336,0333,0330,0337,0337,0331,0335,0331,0336,0332,0337,
01360:0333,0200,0336,0336,0332,0332,0332,0330,0335,0337,0342,0340,0366,0330,0332,0335,0335,0367,0335,0336,0333,0330,0337,0337,0331,0332,0202,
01361:0333,0200,0336,0336,0332,0332,0332,0330,0335,0337,0366,0330,0332,0335,0335,0367,0335,0336,0340,0334,0337,0342,0336,0333,0330,0337,0337,0331,0335,0331,0336,0332,0337,0332,0202,
01301:0336,0333,0337,0307,0350,0335,0351,0201,0304,0335,0335,0301,0335,0317,0336,0201,0304,0335,0335,0337,0301,0335,0201,0334,0304,0313,0334,0336,0333,0337,0200,
01307:0333,0336,0330,0332,0307,0342,0335,0342,0335,0342,0335,0342,0335,0342,0335,0342,0335,0342,0335,0341,0304,0331,0333,0337,0200,
01317:0336,0333,0337,0307,0350,0335,0351,0201,0304,0335,0335,0301,0335,0317,0336,0201,0304,0335,0335,0337,0301,0335,0201,0334,0304,0313,0334,0336,0333,0337,0200,0336,0332,0342,0317,0336,0330,0340,0331,0337,0337,0330,0340,0331,0336,0313,0333,0337,
01370:0333,0200,0336,0336,0336,0330,0332,0337,0337,0321,0362,0203,0336,0203,0364,0334,0337,0335,0320,0331,0200,0336,0330,0332,0336,0336,0347,0337,0337,0331,0335,0335,0336,0330,0337,0336,0336,0331,0335,0362,0203,0334,0203,0203,0335,0203,0334,0350,0334,0310,0337,0203,0203,0334,0334,0203,0203,0334,0334,0334,0336,0203,0335,0335,0203,0203,0334,0334,0203,0363,0304,0335,0313,0304,0330,0337,0337,0333,0331,0336,0333,0331,0337,0337,0337,
01371:0333,0200,0336,0336,0336,0330,0332,0337,0337,0321,0362,0203,0336,0203,0364,0334,0337,0335,0320,0331,0200,0336,0330,0332,0336,0336,0347,0337,0337,0331,0335,0335,0336,0330,0337,0336,0336,0331,0335,0335,0332,0332,0332,0332,0332,0332,0335,0335,0331,0331,0331,0331,0331,0332,0333,0333,0333,0333,0362,0203,0334,0203,0203,0335,0203,0334,0350,0334,0310,0337,0203,0203,0334,0334,0203,0203,0334,0334,0334,0336,0203,0335,0335,0203,0203,0334,0334,0203,0363,0304,0330,0313,0335,0335,0332,0337,0337,0330,0336,0330,0336,0330,0337,0337,0337,0337,0333,0331,
01372:0333,0200,0336,0336,0336,0330,0332,0337,0337,0321,0362,0203,0336,0203,0364,0334,0337,0335,0320,0331,0200,0336,0330,0332,0336,0336,0332,0337,0341,0333,0341,0332,0337,0331,0335,0335,0336,0330,0337,0336,0336,0331,0335,0362,0203,0334,0203,0203,0335,0203,0334,0350,0334,0310,0337,0203,0203,0334,0334,0203,0203,0334,0334,0334,0336,0203,0335,0335,0203,0203,0334,0334,0203,0363,0304,0330,0313,0335,0335,0332,0337,0337,0330,0336,0330,0336,0330,0337,0337,0337,0337,0333,0331,0334,0333,0330,0336,0336,0331,0336,0331,0336,0333,0337,0337,0337,0337,
01373:0333,0200,0336,0336,0336,0330,0332,0337,0337,0321,0362,0203,0336,0203,0364,0334,0337,0335,0320,0331,0200,0336,0330,0332,0336,0336,0332,0337,0341,0333,0341,0332,0337,0331,0335,0335,0336,0330,0337,0336,0336,0331,0335,0335,0333,0332,0332,0332,0332,0332,0332,0335,0335,0331,0331,0331,0331,0331,0332,0333,0333,0333,0333,0362,0203,0334,0203,0203,0335,0203,0334,0350,0334,0310,0337,0203,0203,0334,0334,0203,0203,0334,0334,0334,0336,0203,0335,0335,0203,0203,0334,0334,0203,0363,0304,0330,0313,0335,0335,0332,0337,0337,0330,0336,0330,0336,0330,0337,0337,0337,0337,0333,0331,
01374:0333,0200,0336,0336,0336,0330,0332,0337,0337,0321,0362,0203,0336,0203,0364,0334,0337,0335,0320,0331,0200,0336,0330,0332,0336,0336,0332,0337,0331,0332,0335,0336,0332,0336,0333,0330,0337,0337,0337,0362,0306,0203,0334,0334,0203,0334,0334,0203,0354,0335,0304,0335,0336,0332,0337,0331,0335,0335,0336,0330,0337,0336,0336,0331,0331,0332,0332,0332,0332,0331,0335,0362,0203,0334,0203,0203,0335,0203,0334,0350,0334,0310,0337,0203,0203,0334,0334,0203,0203,0334,0334,0334,0336,0203,0335,0335,0203,0203,0334,0334,0203,0363,0304,0330,0313,0335,0335,0332,0337,0337,0330,0336,0330,0336,0330,0337,0337,0337,0337,0333,0331,0334,0333,0330,0336,0336,0331,0336,0331,0336,0336,0333,0331,0337,0337,0337,0337,0337,
01375:0333,0200,0336,0336,0336,0330,0332,0337,0337,0321,0362,0203,0336,0203,0364,0334,0337,0335,0320,0331,0200,0336,0330,0332,0336,0336,0332,0337,0331,0332,0335,0336,0332,0336,0333,0330,0337,0337,0337,0362,0306,0203,0334,0334,0203,0334,0334,0203,0354,0335,0304,0335,0336,0332,0337,0331,0335,0335,0336,0330,0337,0336,0336,0331,0331,0332,0332,0332,0332,0331,0335,0335,0335,0335,0331,0331,0331,0331,0332,0333,0333,0333,0333,0333,0333,0333,0333,0333,0362,0203,0334,0203,0203,0335,0203,0334,0350,0334,0310,0337,0203,0203,0334,0334,0203,0203,0334,0334,0334,0336,0203,0335,0335,0203,0203,0334,0334,0203,0363,0304,0330,0313,0335,0335,0332,0337,0337,0330,0336,0330,0336,0330,0337,0337,0337,0337,0333,0331,0334,0333,0330,0336,0336,0331,0336,0331,0336,0336,0333,0331,0337,0337,0337,0337,0337,0335,0336,0333,0331,0331,0336,0336,0336,0333,0337,0337,0337,0337,
01376:0333,0200,0336,0336,0336,0330,0332,0337,0337,0321,0362,0203,0336,0203,0364,0334,0337,0335,0320,0331,0200,0336,0330,0332,0336,0336,0332,0337,0331,0332,0335,0336,0332,0336,0333,0330,0337,0337,0337,0362,0203,0334,0203,0334,0203,0334,0203,0354,0335,0304,0335,0336,0332,0337,0331,0335,0335,0336,0330,0337,0336,0336,0331,0331,0332,0332,0332,0332,0331,0335,0362,0203,0334,0203,0203,0335,0203,0334,0350,0334,0310,0337,0203,0203,0334,0334,0203,0203,0334,0334,0334,0336,0203,0335,0335,0203,0203,0334,0334,0203,0363,0304,0330,0313,0335,0335,0332,0337,0337,0330,0336,0330,0336,0330,0337,0337,0337,0337,0333,0331,0334,0333,0330,0336,0336,0331,0336,0331,0336,0336,0333,0331,0337,0337,0337,0337,0337,
01377:0333,0200,0336,0336,0336,0330,0332,0337,0337,0321,0362,0203,0336,0203,0364,0334,0337,0335,0320,0331,0200,0336,0330,0332,0336,0336,0332,0337,0331,0332,0335,0336,0332,0336,0333,0330,0337,0337,0337,0362,0203,0334,0203,0334,0203,0334,0203,0354,0335,0304,0335,0336,0332,0337,0331,0335,0335,0336,0330,0337,0336,0336,0331,0331,0331,0331,0331,0333,0333,0333,0333,0331,0331,0362,0203,0334,0203,0203,0335,0203,0334,0350,0334,0310,0337,0203,0203,0334,0334,0203,0203,0334,0334,0334,0336,0203,0335,0335,0203,0203,0334,0334,0203,0363,0304,0330,0313,0335,0335,0332,0337,0337,0330,0336,0330,0336,0330,0337,0337,0337,0337,0333,0331,0334,0333,0330,0336,0336,0331,0336,0331,0336,0336,0333,0331,0337,0337,0337,0337,0337,0335,0336,0333,0336,0336,0336,0333,0337,0337,0337,0337,0331,